import matplotlib.pyplot as plt
plt.plot([0,50,100,150,200,250,300,350,400,450],[0,1000,15900,46899,76556,90776,1094455,4555566,8990459,12955145],label="US")
plt.plot([0,51,101,151,201,251,301,351,401,451],[0,1400,17800,45677,79466,89445,1343221,5699443,7865432,9177722],label="INDIA")
plt.plot([0,52,102,152,202,252,302,352,402,452],[0,1200,16990,48990,50004,68875,1233443,4756324,5643434,6121449],label="BRAZIL")
plt.plot([0,53,103,153,203,253,303,353,403,453],[0,1759,23445,45664,51009,59676,78665,1244387,1567754,2138828],label="RUSSIA")
plt.plot([0,54,104,154,204,254,304,354,404,454],[0,1623,23445,34556,56664,65443,89665,1374585,1267565,2153815],label="FRANCE")
plt.ylabel ('Total COVID-19 CASES')
plt.xlabel ('CASES')         
plt.legend()
plt.show()
